 0.00000000e+00 -5.59962077e-10 
 5.00000000e-02  2.92292079e-09 
 1.00000000e-01  1.14032883e-08 
 1.50000000e-01  4.34292502e-08 
 2.00000000e-01  1.59113038e-07 
 2.50000000e-01  5.53453182e-07 
 3.00000000e-01  1.81675343e-06 
 3.50000000e-01  5.50935052e-06 
 4.00000000e-01  1.44713401e-05 
 4.50000000e-01  3.09845018e-05 
 5.00000000e-01  5.37776422e-05 
 5.50000000e-01  7.87512460e-05 
 6.00000000e-01  1.02749793e-04 
 6.50000000e-01  1.25053355e-04 
 7.00000000e-01  1.46226857e-04 
 7.50000000e-01  1.66936975e-04 
 8.00000000e-01  1.87563962e-04 
 8.50000000e-01  2.08230419e-04 
 9.00000000e-01  2.28912400e-04 
 9.50000000e-01  2.49522866e-04 
 1.00000000e+00  2.69957523e-04 
 1.05000000e+00  2.90115755e-04 
 1.10000000e+00  3.09908439e-04 
 1.15000000e+00  3.29259774e-04 
 1.20000000e+00  3.48106804e-04 
 1.25000000e+00  3.66398289e-04 
 1.30000000e+00  3.84093580e-04 
 1.35000000e+00  4.01161663e-04 
 1.40000000e+00  4.17580404e-04 
 1.45000000e+00  4.33335901e-04 
 1.50000000e+00  4.48421921e-04 
 1.55000000e+00  4.62839366e-04 
 1.60000000e+00  4.76595732e-04 
 1.65000000e+00  4.89704573e-04 
 1.70000000e+00  5.02184942e-04 
 1.75000000e+00  5.14060837e-04 
 1.80000000e+00  5.25360633e-04 
 1.85000000e+00  5.36116532e-04 
 1.90000000e+00  5.46364023e-04 
 1.95000000e+00  5.56141367e-04 
 2.00000000e+00  5.65489111e-04 
 2.05000000e+00  5.74449635e-04 
 2.10000000e+00  5.83066738e-04 
 2.15000000e+00  5.91385269e-04 
 2.20000000e+00  5.99450793e-04 
 2.25000000e+00  6.07309308e-04 
 2.30000000e+00  6.15006993e-04 
 2.35000000e+00  6.22590009e-04 
 2.40000000e+00  6.30104333e-04 
 2.45000000e+00  6.37595622e-04 
 2.50000000e+00  6.45109124e-04 
 2.55000000e+00  6.52689605e-04 
 2.60000000e+00  6.60381310e-04 
 2.65000000e+00  6.68227946e-04 
 2.70000000e+00  6.76272676e-04 
 2.75000000e+00  6.84558129e-04 
 2.80000000e+00  6.93126420e-04 
 2.85000000e+00  7.02019154e-04 
 2.90000000e+00  7.11277433e-04 
 2.95000000e+00  7.20941826e-04 
 3.00000000e+00  7.31052300e-04 
 3.05000000e+00  7.41648080e-04 
 3.10000000e+00  7.52767399e-04 
 3.15000000e+00  7.64447088e-04 
 3.20000000e+00  7.76721911e-04 
 3.25000000e+00  7.89623517e-04 
 3.30000000e+00  8.03178791e-04 
 3.35000000e+00  8.17407250e-04 
 3.40000000e+00  8.32316889e-04 
 3.45000000e+00  8.47897448e-04 
 3.50000000e+00  8.64109247e-04 
 3.55000000e+00  8.80864204e-04 
 3.60000000e+00  8.97992507e-04 
 3.65000000e+00  9.15182183e-04 
 3.70000000e+00  9.31865918e-04 
 3.75000000e+00  9.47004724e-04 
 3.80000000e+00  9.58682182e-04 
 3.85000000e+00  9.63450498e-04 
 3.90000000e+00  9.55889418e-04 
 3.95000000e+00  9.30598946e-04 
 4.00000000e+00  8.88297865e-04 
 4.05000000e+00  8.38030227e-04 
 4.10000000e+00  7.88985664e-04 
 4.15000000e+00  7.44223747e-04 
 4.20000000e+00  7.03176160e-04 
 4.25000000e+00  6.64864056e-04 
 4.30000000e+00  6.28667228e-04 
 4.35000000e+00  5.94241060e-04 
 4.40000000e+00  5.61385714e-04 
 4.45000000e+00  5.29973043e-04 
 4.50000000e+00  4.99911241e-04 
 4.55000000e+00  4.71127917e-04 
 4.60000000e+00  4.43561776e-04 
 4.65000000e+00  4.17158356e-04 
 4.70000000e+00  3.91867766e-04 
 4.75000000e+00  3.67643425e-04 
 4.80000000e+00  3.44441336e-04 
 4.85000000e+00  3.22219647e-04 
 4.90000000e+00  3.00938377e-04 
 4.95000000e+00  2.80559232e-04 
 5.00000000e+00  2.60621779e-04 
